fall.colors <- c("#92B558",
                     "#DC4C46",
                     "#672E3B",
                     "#F3D6E4",
                     "#C48F65",
                     "#223A5E",
                     "#898E8C",
                     "#005960",
                     "#9C9A40",
                     "#4F84C4",
                     "#D2691E")